#REFERENCE 3 0.0000000 0.0000000
1	0.000000	-11.823674	1.183615	-5.416759	
1	-0.561431	-11.250000	1.203222	-4.878524	
2	-0.625000	-11.183592	1.207105	-4.818229	
2	-1.060439	-10.625000	1.251948	-4.318443	
3	-0.625000	-11.183592	1.207105	-4.818229	
3	-0.561431	-11.250000	1.203222	-4.878524	
4	-1.250000	-10.365029	1.279536	-4.092946	
4	-1.060439	-10.625000	1.251948	-4.318443	
5	-1.250000	-10.365029	1.279536	-4.092946	
5	-1.485467	-10.000000	1.325303	-3.781056	
6	-2.500000	-8.029279	1.697808	-2.222032	
6	-2.723582	-7.500000	1.829763	-1.844520	
7	-1.485467	-10.000000	1.325303	-3.781056	
7	-1.849913	-9.375000	1.421273	-3.263642	
8	-1.875000	-9.329360	1.429111	-3.226715	
8	-1.849913	-9.375000	1.421273	-3.263642	
9	-1.875000	-9.329360	1.429111	-3.226715	
9	-2.178592	-8.750000	1.537885	-2.768676	
10	-2.178592	-8.750000	1.537885	-2.768676	
10	-2.460455	-8.125000	1.675026	-2.293088	
11	-2.500000	-8.029279	1.697808	-2.222032	
11	-2.460455	-8.125000	1.675026	-2.293088	
12	-2.723582	-7.500000	1.829763	-1.844520	
12	-2.951316	-6.875000	2.002662	-1.419671	
13	-3.125000	-6.309685	2.174796	-1.056030	
13	-2.951316	-6.875000	2.002662	-1.419671	
14	-3.125000	-6.309685	2.174796	-1.056030	
14	-3.144930	-6.250000	2.193191	-1.020086	
15	-3.144930	-6.250000	2.193191	-1.020086	
15	-3.333163	-5.625000	2.393997	-0.659040	
16	-3.333163	-5.625000	2.393997	-0.659040	
16	-3.490050	-5.000000	2.607513	-0.329910	
17	-3.490050	-5.000000	2.607513	-0.329910	
17	-3.618940	-4.375000	2.830524	-0.036994	
18	-3.618940	-4.375000	2.830524	-0.036994	
18	-3.723998	-3.750000	3.057747	0.214444	
19	-3.750000	-3.562115	3.126481	0.281767	
19	-3.723998	-3.750000	3.057747	0.214444	
20	-3.750000	-3.562115	3.126481	0.281767	
20	-3.822211	-3.125000	3.275080	0.413831	
21	-3.822211	-3.125000	3.275080	0.413831	
21	-3.908507	-2.500000	3.474319	0.561707	
22	-3.908507	-2.500000	3.474319	0.561707	
22	-3.986433	-1.875000	3.641614	0.657977	
23	-3.986433	-1.875000	3.641614	0.657977	
23	-4.068164	-1.250000	3.755467	0.705335	
24	-4.068164	-1.250000	3.755467	0.705335	
24	-4.166743	-0.625000	3.792721	0.715928	
25	-4.166743	-0.625000	3.792721	0.715928	
25	-4.288282	0.000000	3.739457	0.712789	
26	1.875000	-12.734170	1.234510	-6.422553	
26	2.500000	-12.672113	1.240412	-6.461280	
27	1.250000	-12.601159	1.212232	-6.224638	
27	1.875000	-12.734170	1.234510	-6.422553	
28	1.250000	-12.601159	1.212232	-6.224638	
28	1.048940	-12.500000	1.202935	-6.110126	
29	2.500000	-12.672113	1.240412	-6.461280	
29	2.881904	-12.500000	1.221850	-6.373564	
30	2.881904	-12.500000	1.221850	-6.373564	
30	3.125000	-12.385226	1.209023	-6.319829	
31	3.125000	-12.385226	1.209023	-6.319829	
31	3.687065	-11.875000	1.119262	-5.995593	
32	3.687065	-11.875000	1.119262	-5.995593	
32	3.750000	-11.810029	1.106713	-5.954797	
33	3.750000	-11.810029	1.106713	-5.954797	
33	4.131744	-11.250000	0.978992	-5.575490	
34	4.131744	-11.250000	0.978992	-5.575490	
34	4.375000	-10.806192	0.865135	-5.275860	
35	4.375000	-10.806192	0.865135	-5.275860	
35	4.457622	-10.625000	0.815061	-5.152362	
36	4.457622	-10.625000	0.815061	-5.152362	
36	4.701109	-10.000000	0.629973	-4.729591	
37	0.625000	-12.299267	1.190602	-5.890451	
37	0.068749	-11.875000	1.183220	-5.466301	
38	0.625000	-12.299267	1.190602	-5.890451	
38	1.048940	-12.500000	1.202935	-6.110126	
39	0.000000	-11.823674	1.183615	-5.416759	
39	0.068749	-11.875000	1.183220	-5.466301	
40	4.701109	-10.000000	0.629973	-4.729591	
40	4.889314	-9.375000	0.426523	-4.312723	
41	4.889314	-9.375000	0.426523	-4.312723	
41	5.000000	-8.898426	0.259216	-3.999212	
42	5.000000	-8.898426	0.259216	-3.999212	
42	5.033955	-8.750000	0.206093	-3.904419	
43	5.033955	-8.750000	0.206093	-3.904419	
43	5.149395	-8.125000	-0.028377	-3.510037	
44	5.149395	-8.125000	-0.028377	-3.510037	
44	5.233355	-7.500000	-0.277394	-3.128965	
45	5.233355	-7.500000	-0.277394	-3.128965	
45	5.289433	-6.875000	-0.539947	-2.763573	
46	5.289433	-6.875000	-0.539947	-2.763573	
46	5.320355	-6.250000	-0.814826	-2.416445	
47	5.320355	-6.250000	-0.814826	-2.416445	
47	5.327980	-5.625000	-1.100593	-2.090300	
48	5.327980	-5.625000	-1.100593	-2.090300	
48	5.313328	-5.000000	-1.395555	-1.787935	
49	5.313328	-5.000000	-1.395555	-1.787935	
49	5.276623	-4.375000	-1.697709	-1.512204	
50	5.276623	-4.375000	-1.697709	-1.512204	
50	5.217440	-3.750000	-2.004602	-1.266061	
51	5.217440	-3.750000	-2.004602	-1.266061	
51	5.135054	-3.125000	-2.312985	-1.052684	
52	5.135054	-3.125000	-2.312985	-1.052684	
52	5.029144	-2.500000	-2.618059	-0.875642	
53	5.000000	-2.352200	-2.689478	-0.839259	
53	5.029144	-2.500000	-2.618059	-0.875642	
54	4.915331	-1.875000	-2.901727	-0.743104	
54	5.000000	-2.352200	-2.689478	-0.839259	
55	4.915331	-1.875000	-2.901727	-0.743104	
55	4.785595	-1.250000	-3.159393	-0.652554	
56	4.785595	-1.250000	-3.159393	-0.652554	
56	4.642063	-0.625000	-3.378185	-0.602442	
57	4.642063	-0.625000	-3.378185	-0.602442	
57	4.497746	0.000000	-3.535838	-0.586954	
58	4.366923	0.625000	-3.611323	-0.589771	
58	4.375000	0.585820	-3.608891	-0.589469	
59	4.375000	0.585820	-3.608891	-0.589469	
59	4.497746	0.000000	-3.535838	-0.586954	
60	4.366923	0.625000	-3.611323	-0.589771	
60	4.263540	1.250000	-3.591825	-0.584404	
61	4.263540	1.250000	-3.591825	-0.584404	
61	4.180985	1.875000	-3.490416	-0.545584	
62	4.180985	1.875000	-3.490416	-0.545584	
62	4.106635	2.500000	-3.330003	-0.458525	
63	4.106635	2.500000	-3.330003	-0.458525	
63	4.027360	3.125000	-3.133561	-0.319059	
64	4.027360	3.125000	-3.133561	-0.319059	
64	3.933425	3.750000	-2.918689	-0.129053	
65	3.933425	3.750000	-2.918689	-0.129053	
65	3.818244	4.375000	-2.697563	0.107219	
66	3.750000	4.682799	-2.589723	0.238143	
66	3.818244	4.375000	-2.697563	0.107219	
67	3.689665	5.000000	-2.474472	0.390205	
67	3.750000	4.682799	-2.589723	0.238143	
68	3.689665	5.000000	-2.474472	0.390205	
68	3.546771	5.625000	-2.256212	0.715817	
69	3.546771	5.625000	-2.256212	0.715817	
69	3.373713	6.250000	-2.050882	1.073998	
70	3.373713	6.250000	-2.050882	1.073998	
70	3.167231	6.875000	-1.860607	1.460987	
71	3.125000	6.990890	-1.827090	1.535668	
71	3.167231	6.875000	-1.860607	1.460987	
72	2.950782	7.500000	-1.683362	1.882443	
72	3.125000	6.990890	-1.827090	1.535668	
73	2.950782	7.500000	-1.683362	1.882443	
73	2.700348	8.125000	-1.524371	2.327899	
74	2.500000	8.564573	-1.424008	2.654115	
74	2.700348	8.125000	-1.524371	2.327899	
75	2.415457	8.750000	-1.384127	2.796378	
75	2.500000	8.564573	-1.424008	2.654115	
76	2.415457	8.750000	-1.384127	2.796378	
76	2.102302	9.375000	-1.263017	3.288710	
77	1.875000	9.779838	-1.195716	3.618267	
77	2.102302	9.375000	-1.263017	3.288710	
78	1.742336	10.000000	-1.162905	3.801012	
78	1.875000	9.779838	-1.195716	3.618267	
79	0.847826	11.250000	-1.030914	4.889511	
79	1.250000	10.745492	-1.072424	4.440206	
80	1.742336	10.000000	-1.162905	3.801012	
80	1.333101	10.625000	-1.084818	4.334573	
81	1.250000	10.745492	-1.072424	4.440206	
81	1.333101	10.625000	-1.084818	4.334573	
82	0.246401	11.875000	-1.004615	5.470841	
82	0.625000	11.515923	-1.016017	5.133840	
83	0.625000	11.515923	-1.016017	5.133840	
83	0.847826	11.250000	-1.030914	4.889511	
84	0.000000	12.106894	-1.003211	5.695626	
84	0.246401	11.875000	-1.004615	5.470841	
85	-5.000000	3.672035	2.293076	1.313145	
85	-5.011077	3.750000	2.253624	1.341371	
86	-5.011077	3.750000	2.253624	1.341371	
86	-5.078327	4.375000	1.943692	1.582457	
87	-5.078327	4.375000	1.943692	1.582457	
87	-5.121939	5.000000	1.638777	1.853472	
88	-4.375000	0.390069	3.660444	0.715880	
88	-4.428199	0.625000	3.599079	0.722445	
89	-4.375000	0.390069	3.660444	0.715880	
89	-4.288282	0.000000	3.739457	0.712789	
90	-4.428199	0.625000	3.599079	0.722445	
90	-4.576853	1.250000	3.387721	0.765148	
91	-4.576853	1.250000	3.387721	0.765148	
91	-4.715515	1.875000	3.132395	0.848903	
92	-4.715515	1.875000	3.132395	0.848903	
92	-4.835420	2.500000	2.851377	0.974273	
93	-4.835420	2.500000	2.851377	0.974273	
93	-4.933233	3.125000	2.556455	1.139027	
94	-5.000000	3.672035	2.293076	1.313145	
94	-4.933233	3.125000	2.556455	1.139027	
95	-5.000000	7.978333	0.318028	3.463802	
95	-4.982598	8.125000	0.259129	3.555417	
96	-4.982598	8.125000	0.259129	3.555417	
96	-4.881505	8.750000	0.019590	3.950586	
97	-4.881505	8.750000	0.019590	3.950586	
97	-4.744065	9.375000	-0.203908	4.356582	
98	-4.744065	9.375000	-0.203908	4.356582	
98	-4.563578	10.000000	-0.410481	4.771186	
99	-5.121939	5.000000	1.638777	1.853472	
99	-5.142330	5.625000	1.341347	2.151270	
100	-5.142330	5.625000	1.341347	2.151270	
100	-5.139464	6.250000	1.053295	2.472950	
101	-5.139464	6.250000	1.053295	2.472950	
101	-5.112644	6.875000	0.776172	2.815767	
102	-5.112644	6.875000	0.776172	2.815767	
102	-5.060409	7.500000	0.511276	3.177106	
103	-5.060409	7.500000	0.511276	3.177106	
103	-5.000000	7.978333	0.318028	3.463802	
104	-4.563578	10.000000	-0.410481	4.771186	
104	-4.375000	10.518483	-0.568353	5.120340	
105	-4.375000	10.518483	-0.568353	5.120340	
105	-4.331322	10.625000	-0.599216	5.192584	
106	-4.331322	10.625000	-0.599216	5.192584	
106	-4.025564	11.250000	-0.767753	5.616340	
107	-3.750000	11.701623	-0.876395	5.924404	
107	-3.607481	11.875000	-0.912946	6.036897	
108	-3.125000	12.379476	-1.008926	6.366595	
108	-2.926249	12.500000	-1.025460	6.431208	
109	-3.607481	11.875000	-0.912946	6.036897	
109	-3.125000	12.379476	-1.008926	6.366595	
110	-4.025564	11.250000	-0.767753	5.616340	
110	-3.750000	11.701623	-0.876395	5.924404	
111	-0.588795	12.500000	-1.014324	6.095945	
111	0.000000	12.106894	-1.003211	5.695626	
112	-2.500000	12.741638	-1.056551	6.567453	
112	-1.875000	12.863559	-1.058734	6.577022	
113	-1.875000	12.863559	-1.058734	6.577022	
113	-1.250000	12.786233	-1.039503	6.424931	
114	-1.250000	12.786233	-1.039503	6.424931	
114	-0.625000	12.524970	-1.015734	6.122207	
115	-0.625000	12.524970	-1.015734	6.122207	
115	-0.588795	12.500000	-1.014324	6.095945	
116	-2.926249	12.500000	-1.025460	6.431208	
116	-2.500000	12.741638	-1.056551	6.567453	
